1101111110101
1101110101111
0111101110101
0001001101101
0010001111101
0111111110101
0101000111101
0111111110111
0101111111111
1101111111111
0111101001100
0010100101100
0101111111100
1111101010100
0011001101100
0000000101100
0111101110100
0111111111111
0111100111100
0111110101111
0111110101100
1100110101100
0111000100100
0000000110100
1111100101100
0111111111100
0100000111100
0011000101110
0001111110101
0111010111100
0111111011111
1111101011111
0100100110100
0001100111100
1111111110111
0100111100101
0011111110100
0110001111100
0000100101100
0111111101101
0111111011101
1111100001111
0001110100111
0110000101100
0111000101100
1111111111110
0011111110100
0011000110110
1100000111011
0111101101101
0011111111100
0100000101111
0111101011101
0111000111100
0000000101101
0100110011110
0010101111100
0101100101100
0000000101110
0100110110110
1100110111101
0100000101100
0011001110100
0111111101101
0111001110101
0111011110101
0111000101100
1100110111100
0100110111110
0100000110100
0111001111100
0110101111100
1111111011111
0000100101101
0100101111101
0110000101100
0000110110100
0111111110100
0000000111101
0111101101111
1101101011111
0111101010111
0111111011101
1100110101110
0111101010111
0011001110101
0000000101100
1111101011101
0111111111101
1111111111111
0111101011101
0110110111101
1110111110111
0111101000111
0111111011111
0110001101100
0110101111111
0111111110101
0011001111100
0100000101100
0000000111111
1110111010101
0111100111100
